1;4;73;74;83;90