1;29;65;71