1;5;6;7;9;10;11;12;13;14;15;16;18;19;20;21;22;24;26;31;34;35;37;38;39;40;41;42;43;44;45;46;48;50;52;53;54;57;58;59;60;61;62;63;65;66;68;69;70;72;73;74;75;76;77;78;80;81;82;83;84;87;88;89;90;91;93;94;95;97;98;99